010011000
010100000
010010111
000010001
010000011
001010000
000010010
010000001
000000011
000000000
101110000
100000010
001110001
000110110
010111000
010010100
000010010
010000011
001010000
010001000
110001010
010010111
000010001
010000011
001010000
000010010
101101111
100000010
001101001
000101110
100000110
010001101
000001000
011101101
010000000
010000001
001011010
010010100
000010010
010000011
001010000
010001001
110001010
010010111
000010001
010000011
001010000
000010001
101101111
100000010
001101001
000101101
100000110
010001101
000001000
011101101
010000000
010000001
001011010
010010100
000010010
010000011
001010000
010001001
110001010
010010111
000010001
010000011
001010000
000010000
101101111
100000010
001101001
000101100
100000110
010001101
000001000
011101101
010000000
010000001
001011010
010010100
000010010
010000011
001010000
010001001
110001010
010010111
000010001
010000011
001010000
101101111
100000010
001101001
100000110
010001101
000001000
011101101
010000000
010000001
001011010
010010100
000010010
010000011
001010000
010001001
110001010
010010100
000010010
010000011
001010000
101000010
010001001
100010000
010000000
010001011
011010010
010000001
001100010
010010100
000010010
010000001
001111010
010001000
100000010
011111001
010010001
000010010
000010001
010000001
001010010
110011010
001010010
110100010
001010010
110011010
010101000
101011101
010001111
000001000
010000001
001001010
100000001
001011001
000011000
010000001
001101010
101100101
010000100
000000011
000000000
001100001
000100110
000100110
000100100
100000100
001011000
010000001
001101011
100000110
010001101
000001000
011011101
010010100
010010100
000010010
010000011
001010000
101001010
010000001
001001010
110001010
101011101
010000111
001011001
000011001
010000001
001101010
101100101
010000110
000000011
000000000
001100001
000100110
000100110
100000100
001011000
010000001
001101011
100000110
010001101
000001000
011011101
010010100
010010100
000010010
010000011
001010000
101001010
010000001
001001010
110001010
101011101
010000011
001011001
000011010
010000001
001101010
101100101
010000111
000000011
000000000
001100001
000100110
000100101
100000100
001011000
010000001
001101011
100000110
010001101
000001000
011011101
010010100
010010100
000010010
010000011
001010000
101001010
010000001
001001010
110001010
101011101
010000001
001011001
000011011
010000001
001101010
101100101
010010111
000010000
010000001
001010010
100000010
000000011
001100001
000100101
000100101
100000100
001011000
100000110
010001101
000001000
011011101
010010100
010010100
000010010
010000011
001010000
101001010
010000001
001001010
110001010
010010111
000010001
010000011
001010010
100000010
010001011
011101001
010000000
