010111111
000111001
010000010
001111010
101101111
000101100
100011101
000011111
100010101
010000111
001010001
100000010
001011000
100010101
010000100
000000000
001010001
100000010
001011010
100101011
100011101
000011101
100010101
010000011
001010001
100000010
001011000
100010011
000010100
010000001
001011001
100000010
001011000
100101011
010000001
001111010
101100111
100011100
000011111
100010100
010110111
000110000
010000001
001110010
100000110
001010001
100000010
001011000
100010011
000010101
100100011
010000011
001100001
100000100
001010000
100011010
000011100
010000001
001010001
100000010
001011000
100100011
100000101
001100000
010000001
001111011
101010111
010000001
001010001
100000010
001100000
010000001
001111010
101101111
000101100
100011101
000011111
100010101
010000111
001010001
100000010
001011000
100010101
010000100
000000000
001010001
100000010
001011010
100101011
100011101
000011101
100010101
010000011
001010001
100000010
001011000
100010011
000010100
010000001
001011001
100000010
001011000
000011010
100110011
101010111
000010111
000010010
010000001
001111011
101101111
000101110
000101101
100000010
001101010
100011101
000011111
100010101
010000111
001010001
100000010
001011000
100010101
010000100
000000000
001010001
100000010
001011010
100101011
100011101
000011101
100010101
010000011
001010001
100000010
001011000
100010011
000010100
010000001
001011001
100000010
001011000
100101011
000101001
100000101
001110010
010000001
001111010
101101111
000101101
010000011
001101001
000101010
101011111
000011101
000011111
000011000
000011011
100000011
001101010
010000001
001111011
101011111
000011111
000011101
000011000
100000011
001101010
101011111
000011110
010000001
001011001
100000011
001101010
100011101
000011111
100010101
010000111
001010001
100000010
001011000
100010101
010000100
000000000
001010001
100000010
001011010
100101011
100011101
000011101
100010101
010000011
001010001
100000010
001011000
100010011
000010100
010000001
001011001
100000010
001011000
100101011
000101000
100000101
001110010
101101111
000101111
000101100
010000101
001101001
101011111
000011110
010000001
001011001
000011000
100000011
001101010
010000001
001111010
101011111
000011100
010000101
001011001
000011010
100000011
001101010
101011111
000011111
000011100
010000101
001011001
000011011
100000011
001101010
100011101
000011111
100010101
010000111
001010001
100000010
001011000
100010101
010000100
000000000
001010001
100000010
001011010
100101011
100011101
000011101
100010101
010000011
001010001
100000010
001011000
100010011
000010100
010000001
001011001
100000010
001011000
100101011
100000101
001110010
100010110
010000001
001111011
101011111
000011111
001011001
000011001
101101111
000101100
001101001
100000101
001011010
101110111
000110101
010000001
001110001
000110000
100000110
001011010
010000001
001111010
101101111
001101001
000101010
100000101
001011010
100000011
001010000
010001110
000001000
010000000
011010101
010001111
011100101
010011000
010001111
010000011
001001010
010000000
011011010
010011001
010001111
011011101
010001100
011100101
010011011
010001010
011011101
010011001
010001100
000001011
010000011
001001010
010000011
011011010
010001111
000001010
010000101
001001010
010000000
011011010
010000100
000000000
010001010
100100010
011100011
001100011
010000000
010001010
011100101
010101001
010000001
010001010
011100101
010101010
010000010
010001010
011100101
010101100
010000011
010001011
011100101
010101100
000101000
010000100
010001011
011100101
010101100
000101001
010000101
010001011
011100101
010101100
000101010
010000110
010001011
011100101
010101100
000101011
010000111
010001100
011100101
010101100
000101011
000101000
101100111
010000001
001111011
101110111
010000100
000000000
010001101
011010011
100000101
001100000
010001011
011101010
100000101
001110000
010001101
011000010
101100111
010000001
001111011
101110111
000011011
000011001
100010100
000010111
000010100
100000010
001011010
100010100
000010010
000010111
000010011
100101110
000101111
000101100
000101000
100000101
001010010
100101110
000101110
010000001
001101001
100000101
001010010
010000110
001111011
001111011
001111011
001111011
001111011
010000001
001111010
110011111
010000001
001111011
110010111
010000110
001111010
001111010
001111010
001111010
001111010
010000010
001111010
010011111
000011011
010000011
001011010
100000011
010001010
011111001
