010110000
101101110
010000001
001110010
101100110
101100110
010000101
001100001
010000100
000000011
100011101
001011001
000011111
000011100
100000011
001100000
000100001
100011101
010000011
001011001
100000011
001100000
000100001
100011101
000011110
010000011
001011001
100000011
001100000
100011100
000011111
100010100
010000111
001010001
100000010
001011000
100010100
010000100
000000000
001010001
100000010
001011000
100100011
100011100
000011101
100010100
010000011
001010001
100000010
001011000
100010011
000010100
010000001
001011001
100000010
001011000
100100011
100111100
101100110
010000110
001100001
100011101
010000001
001011001
100000011
001100000
000100001
100011101
000011101
010000011
001011001
100000011
001100000
000100010
100011101
000011111
000011100
010000011
001011001
100000011
001100000
100011100
000011111
100010100
010000111
001010001
100000010
001011000
100010100
010000100
000000000
001010001
100000010
001011000
100100011
100011100
000011101
100010100
010000011
001010001
100000010
001011000
100010011
000010100
010000001
001011001
100000010
001011000
100100011
000111000
100000100
001111000
101100110
010000111
001100001
000100000
100011101
000011111
000011110
100000011
001100000
000100010
100011101
000011100
010000111
001011001
100000011
001100000
100011100
000011111
100010100
010000111
001010001
100000010
001011000
100010100
010000100
000000000
001010001
100000010
001011000
100100011
100011100
000011101
100010100
010000011
001010001
100000010
001011000
100010011
000010100
010000001
001011001
100000010
001011000
100100011
000111000
100000100
001111000
101100110
010000111
001100001
000100001
100011101
000011110
000011110
100000011
001100000
000100001
100011101
000011111
010000011
001011001
100000011
001100000
100011100
000011111
100010100
010000111
001010001
100000010
001011000
100010100
010000100
000000000
001010001
100000010
001011000
100100011
100011100
000011101
100010100
010000011
001010001
100000010
001011000
100010011
000010100
010000001
001011001
100000010
001011000
100100011
000111000
100000100
001111000
101100110
010000111
001100001
000100010
100011101
000011111
000011100
100000011
001100000
000100000
100011101
000011010
000011111
000011110
100000011
001100000
100011100
000011111
100010100
010000111
001010001
100000010
001011000
100010100
010000100
000000000
001010001
100000010
001011000
100100011
100011100
000011101
100010100
010000011
001010001
100000010
001011000
100010011
000010100
010000001
001011001
100000010
001011000
100001011
100011101
000011110
010000001
001011001
100000011
001001000
100100111
000100010
100011101
010000111
001011001
100000011
001100000
100011100
000011111
100010100
010000111
001010001
100000010
001011000
100010100
010000100
000000000
001010001
100000010
001011000
100100011
100011100
000011101
100010100
010000011
001010001
100000010
001011000
100010011
000010100
010000001
001011001
100000010
001011000
100000011
001001000
000111000
100000001
001111000
101100110
010000111
001100001
000100011
100011101
000011111
100000011
001100000
000100000
100011111
010000010
001011001
000011100
100000011
001100000
010011111
000011000
010000001
001011000
000011000
100000110
001011010
110100011
010000001
001110011
100011101
000011100
010000111
001011001
100100011
000100000
100011111
010000100
001011001
000011101
100000011
001100000
000100000
100011101
010000001
001011001
100000011
001100000
000100000
100011111
000011110
010000001
001011001
100000011
001100000
000100000
100011111
000011111
100000011
001100000
000100000
100011111
010000001
001011001
100000011
001100000
010011111
000011000
010000001
001011000
000011000
100000110
001011010
110100011
010000010
001110010
100010110
010011111
000011000
010000001
001011000
000011000
100000011
010001001
011010001